Generated using https://michael-crum.com/string-art-gen/
6036 connections in total


Thread: [255, 255, 255]
0
28
60
47
28
18
2
8
9
10
11
12
13
14
15
16
17
61
21
22
24
25
26
25
61
26
28
29
28
30
31
30
32
33
32
34
32
35
36
35
32
28
59
53
49
47
39
40
39
43
47
43
40
43
299
0
6
8
12
15
66
65
15
62
19
20
21
26
24
26
61
60
57
55
54
55
28
32
36
32
30
28
26
282
23
289
297
294
290
292
35
299
22
21
20
16
66
20
26
22
26
60
59
58
59
55
49
53
47
45
47
49
54
30
35
33
35
60
17
57
56
57
60
26
57
54
49
5
6
0
295
294
295
296
265
264
216
226
227
228
229
230
231
204
202
201
214
202
234
235
236
237
238
239
240
241
206
249
243
78
74
75
81
82
233
272
273
274
268
218
249
236
234
81
244
80
230
79
233
75
227
74
228
208
207
252
206
255
254
255
215
266
211
210
209
210
249
93
247
243
82
81
75
74
231
73
238
241
239
216
224
225
226
72
227
77
231
71
239
275
233
77
243
76
75
80
81
240
78
213
214
268
272
274
235
82
245
81
229
228
72
230
78
237
236
79
218
219
217
80
75
237
74
198
199
198
214
194
195
194
223
56
26
30
36
288
33
30
298
39
47
40
45
40
294
0
5
7
49
55
57
59
35
30
26
21
299
30
33
296
32
66
17
65
66
24
65
24
22
28
25
24
64
183
178
177
179
186
188
184
188
173
176
175
176
173
188
187
188
168
188
64
24
63
186
124
112
128
153
119
118
115
114
122
124
113
112
127
126
215
241
274
269
227
224
67
225
123
120
122
162
113
154
299
21
18
17
64
198
77
240
71
231
203
204
205
204
72
231
70
240
201
168
202
79
234
270
272
268
212
210
212
74
213
127
111
156
199
249
208
250
198
76
74
230
137
142
143
112
163
164
163
223
272
179
181
177
181
182
177
183
175
174
175
233
82
80
245
246
247
246
94
246
248
242
74
246
227
127
43
42
43
39
61
32
292
290
37
298
28
35
28
22
283
284
283
6
12
10
13
12
16
10
12
8
46
184
62
42
45
49
50
57
53
57
222
88
241
75
79
81
80
229
77
203
118
120
115
140
142
114
115
172
229
133
112
174
256
206
204
74
249
134
250
74
233
237
235
77
75
226
67
14
67
21
25
28
2
0
4
6
5
0
299
150
147
148
149
147
112
216
81
220
86
221
84
233
273
272
236
77
179
177
184
51
191
48
179
50
53
50
47
50
187
43
38
40
38
43
61
33
36
33
291
264
220
135
137
136
188
52
198
258
134
262
214
127
45
42
128
226
228
78
231
69
16
21
66
64
66
22
25
2
161
1
0
294
292
29
293
27
6
4
0
1
160
159
160
158
159
158
267
219
218
217
219
247
248
228
81
79
75
229
274
272
239
73
192
63
24
62
44
62
185
49
45
190
168
204
206
121
120
121
212
248
94
250
196
77
247
74
243
81
233
80
79
238
75
178
60
55
56
55
59
54
186
44
192
51
30
29
30
284
245
216
257
174
114
152
0
23

Thread: [0, 0, 0]
0
76
105
91
87
83
98
103
97
95
94
93
94
86
106
110
109
108
83
87
90
91
93
91
90
87
85
83
97
96
95
96
91
88
87
104
82
111
70
67
69
73
71
69
67
68
73
69
70
72
279
71
67
274
73
284
72
73
278
68
67
70
69
68
69
75
69
284
71
269
67
98
83
85
87
91
95
97
61
76
98
88
91
96
62
93
95
23
31
38
37
46
37
38
41
37
27
34
38
44

Thread: [255, 255, 255]
293
36
30
47
31
32
46
32
31
35
48
35
34
35
49
35
31
290
269
177
76
235
237
240
75
77
185
54
56
224
65
64
65
60
63
14
276
199
201
65
226
126
125
123
118
13
10
15
12
6
3
30
299
29
7
27
26
18
20
22
20
28
33
28
281
246
245
73
171
118
14
63
190
47
53
54
59
223
113
165
71
230
75
76
216
111
112
166
189
50
54
50
55
50
49
181
62
183
47
42
47
191
43
45
43
128
138
250
210
211
209
247
76
248
247
91
249
80
214
158
215
121
187
61
12
68
19
282
25
21
28
24
28
36
34
36
289
33
31
291
101
198
96
199
64
39
38
39
64
180
177
264
265
266
209
75
235
81
83
232
275
217
218
79
203
205
203
270
271
225
130
129
225
69
239
241

Thread: [0, 0, 0]
42
231
233
232

Thread: [255, 255, 255]
240
248
227
135
230
72
238
67
65
40
47
51
47
46
169
74
76
229
67
12
151
297
32
37
32
26
20
25
22
66
208
148
132
131
58
28
264
27
299
1
149

Thread: [0, 0, 0]
233
1
76
61
64
63
64
262
63
96
21
33
27
31
27
23
13
22
23
25
44
52
51
52
48
49
48
46
41
34
39
34
37
44
43
259
248
253
70
285
69
71
271
67
272
73
267
72
281
72
275
67
106
61
113
66
102
83
132
136
87
86
85
90
200
289
191
192
191
190
189
190
191
189
192
189
191
193
191
197
196
197
191
196
195
196
289
71
284
193
289
70
75
70
260
70
256
4
9
259
71
290
196
191
188
191
287
201
203
202

Thread: [255, 255, 255]
14
66
48
36
23
38
22
38
52
38
53
190
195
193
194
193
195
192
195
190
194
196
194
274
254
290
259
200
267
295
263
173
259
156
201
199
78
233
72
175
184
177
272
270
274
236
282
24
39
24
3
6
10
6
23
11
119
12
30
285
241
87
223
84
45
83
46
192
45
182
64
203
167
71
226
74
251
195
65
67
19
284
28
21
278
279
84
234
82
228
77
236
249
79
245
78
75
195
44
47
54
57
28
20
18
26
32
297
42
40
35
40
42
39
42
38
42
191
103
199
63
61
63
48
63
60
141
123
35
37
35
39
35
29
35
294
146
224
52
191
76
179
270
177
112
222
86
239
82
255
219
155
113
114
113
157
127
228
73
250
79
205
74
172
232
227
272
275
272
220
158
220

Thread: [0, 0, 0]
203
93
63
62
64
61
62
61
51
48
34
41
33
41
32
41
36
41
38
34
27
33
39
18
23
22
31
29
31
39
37
41
40
23
94
78
127
80
109
110
264
64
88
215
216
88
83
84
83
129
270
72
282
192
182
181
183
181
169
173
165
164
165
167
164
173
161
155
157
155
154
155
83
139
6
9
260
17
89
67
71
275
273
73
293
72
286
189
202
204
188
285
190
282
183
283
73
269
73
277
72
69
66
69
72
267
68
279
164
281
194
286
72
122
80
98
60
101
97
222
220
221
220
219
221
222
221
219
220
222
295
74
297
298
297
226
225
102
67
75
71
261
70
254
250
2
76
130
85
84
85

Thread: [255, 255, 255]
87
236
283
1
116
132
129
127
128
39
27
40
27
39
25
39
26
40
26
39
29
40
29
299
28
286
277
82
75
199
189
186
190
192
190
188
190
187
190
186
189
199
188
186
187
186
183
172
171
172
170
171
170
172
173
170
169
170
173
168
166
165
156
21
43
20
279
83
281
27
13
15
10
16
12
117
7
183
188
189
187
189
188
185
188
201
203
201
202
200
202
194
198
194
116
136
16
15
13
16
13
117
171
162
159
188
274
275
188
40
37
40
36
40
186
62
48
62
65
42
20
80
234
274
187
92
245
273
259
289
100
291
175
266
298
0
147
1
163
36
28
299
115
118
123
122
10
8
6
15
150
297
41
43
41
185
189
46
47
44
190
80
244
286
240
237
269
270
200
228
82
46
61
48
196
47
55
60
62
60
65
236
163
2
66
5
4
5
3
5
66
34
294
163
288

Thread: [0, 0, 0]
152
82
133
287
71
61
69
254
1
207
299
251
8
7
9
17
14
15
14
16
93
19
38
49
37
49
56
95
21
40
22
40
24
31
26
29
38
31
226
30
235
236
238
237
238
61
63
61
95
66
67
276
74
298
249
8
220
92
90
19
97
24
147
146
147
81
134
284

Thread: [255, 255, 255]
285
158
111
137
58
55
38
16
38
27
43
23
42
23
41
23
33
23
10
23
35
50
35
20
35
51
38
51
37
27
35
27
25
20
77
245
277
16
69
226
224
124
159
212
120
10
147
233
284
244
279
82
232
226
57
50
56
50
37
43
37
299
14
117
187
78
81
228
71
238
235
238
74
247
249
182
268
265
215
219
220
217
85
47
38
45
39
45

Thread: [0, 0, 0]
176
285
131
128
129
271
275
70
261
64
62
63
242
241
29
44
34
44
36
44
37
34
42
46
45
20
44
231
232
231
39
33
230
105
107
183
193
192
193
189
193
197
195
197
194
197
200
199
200
195
191
194
191
184
197
181
197
178
197
179
197
193
290
289
74
292
223
99
183
279
68
280
166
162
161
83
158
157
156
157
87
212
86
83
90
138
137
136

Thread: [255, 255, 255]
86
46
33
46
34
46
19
45
31
44
31
45
30
44
30
45
32
44
34
106
143
144
145
233
125
126
130
247
118
6
66
61
65
62
24
21
24
135
134
135
133
253
254
253
204
203
190
180
194
181
194
180
195
181
195
180
181
180
179
195
179
194
179
180
178
195
178
194
187
185
186
185
187
196
186
196
191
196
187
184
187
198
273
270
275
6
28
27
28
290
102
293
100
198
104
132
57
51
53
55
222
223
222
273
179
245
98
96
249
248
212
206
208
206
75
78
234
75
261
74
210
207
208
65
211
257
254
74
262
133
230
67
66
7
273
227
226
232
231
232
216
258
158
156
152
153
152
151
298
41
299
27
281
82
269
158
286
27
293
143
111
206
79
244
218
246
93
250
134
16
20
24
20
47
194
178
268
175
177
175
113

Thread: [255, 255, 0]
0

Thread: [255, 0, 255]
0

Thread: [0, 255, 255]
0

Thread: [0, 0, 0]
135
286
287
192
190
193
182
183
182
193
183
192
183
191
182
192
184
193
184
192
194
193
190
194
192
188
192
187
191
183
184
182
191
187
192
186
191
186
192
185
193
188
193
187
193
186
193
185
181
193
181
192
197
188
197
187
197
198
196
189
197
186
194
186
197
185
191
185
192
181
180
181
182
96
202
288
197
180
197
114
108
81
113
192
290
187
196
194
196
200
201
200
89
19
34
53
34
51
58
261
9
257
259
70
257
3
248
66
112
173
91
201
286
131
268
127
125
158
159
82
169
168
167
168
169
200
196
187
101
207
85
228
34
49
34
48
41
42
41
35
42
261
17
19
89
219
239
62
74
277
67
66
252
253
69
63
244
242
3
76
297
240
62
118

Thread: [255, 255, 255]
141
59
36
51
32
52
32
50
32
45
33
45
48
45
34
40
34
284
230
180
187
183
190
189
190
185
190
193
190
182
190
183
189
195
189
185
182
189
193
192
193
189
184
190
184
189
192
194
192
189
183
182
183
184
182
184
183
194
182
195
182
194
183
195
183
197
199
197
183
196
182
181
185
181
183
180
183
199
195
199
203
166
203
127
125
156
158
157
126
226
241
226
123
226
181
184
180
168
169
271
173
113
115
111
113
249
95
199
260
261
25
27
2
5
1
299
149
257
258
204
80
82
79
82
275
238
273
184
181
42
65
52
53
52
54
52
66
67
62
61
138
135
26
27
164
3
0
298
32
40
32
39
18
39
32
29
104
1
102
6
11
10
118
252
182
198
195
198
201
200
201
120
206
207
206
212
50
45
38
185
80
267
215
125
205
241
74
264
142
294
33
289
22
30
25
30
37
33
37
173
211
89
248
249
247
130
128
245
97
129
131
111
223
217
236
82
270
174
234
159
161
4
156
299
41
39
52
63
59
60
54
53
51
54
47
84
48
7
66
8
15
8
66
14
146
60
67
63
191
177
73
241
287
243
244
74
77
74
195
121
257
135
57
129
12
187
260
172
262
74
197
72
228
207
229
74
78
221
54
51
57
58
60
58
57
226
68
228
67
4

Thread: [0, 0, 0]
229
45
31
41
31
40
31
34
40
34
29
27
29
152
149
150
86
61
59
51
44
46
102
188
194
189
196
188
196
185
186
185
184
185
197
184
191
180
191
181
196
198
194
200
203
169
203
84
132
128
264
128
269
127
155
158
155
174
178
196
178
177
196
201
194
198
32
199
289
190
111
113
197
24
23
44
41
289
73
62
68
61
60
64
257
262
70
276
273
128
288
212
216
87
13
14
13
19
88
233
234
233
119
238
101
63
126
263
247
5
9
8
9
256
67
267
266
71
75
67
273
72
278
170
172
171
172
170
280
73
274
78
76
1
244
295
227
26
145
136
147
274
72
293
164
162
92
207
209
208
209
226
208
104
80
142
21
93
215
83
88
200
92
63
69
65
69
255
299
298
228
84
251
7
139
81

Thread: [255, 255, 255]
3
203
197
193
197
192
197
198
197
190
181
190
191
190
197
184
194
184
197
182
196
199
196
183
181
188
181
189
178
192
178
193
179
192
177
191
175
191
168
170
202
170
203
170
168
288
261
262
276
243
281
237
233
222
224
223
210
224
210
225
224
209
207
211
225
211
279
280
210
73
199
194
199
193
199
184
198
184
64
67
64
60
66
63
66
18
40
25
40
19
39
19
38
25
38
48
31
33
287
35
14
35
161
156
159
157
156
153
127
129
128
140
145
144
137
139
140
139
137
135
15
117
16
18
45
19
163
111
114
257
259
224
263
145
295
142
296
23
282
18
66
23
159
268
199
274
273
3
103
191
40
58
133
107
251
249
98
195
227
229
227
75
82
277
243
226
56
59
57
126
127
236
274
81
204
170
205
170
229
271
274
184
298
9
7
0
157
220
81
246
259
137
25
18
151
235
233
235
231
77
214
112
217
255
170
74
84
199
77
229
76
231
72
241
92
206
211
171
41
53
39
44
39
41
187
13
6
161
32
27
287
26
298
51
56
51
187
39
36
31
36
39
1
120
212
91
207
118
117
252
251
97
294
288
162
122
126
58
56
53
59
63
67
35
38
47
41
45
50
214
79
230
74
240
270
219
273
244
175
269
82
234
5
103
8
0
296
0
154

Thread: [0, 0, 0]
154
275
41
24
41
46
38
29
39
31
241
220
212
214
216
93
217
185
182
185
183
185
194
190
192
196
190
196
186
196
183
196
184
196
209
194
170
171
170
173
171
173
170
201
170
166
167
158
160
122
236
230
296
298
299
259
258
271
73
283
282
39
41
18
47
56
64
59
103
190
267
130
136
139
140
80
114
29
37
39
44
45
44
257
7
8
4
189
253
6
137
91
211
114
204
171
204
288
287
70
289
67
63
83
151
152
173
66
232
100
222
219
222
82
171
275
78
143
76
75
286
74
287
200
83
106
185
180
183
180
184
111
185
283
195
104
49
234
109
178
282
37
33

Thread: [255, 255, 255]
156
111
184
185
184
201
198
200
198
202
203
202
204
193
196
193
191
195
191
194
202
172
203
172
202
205
202
173
172
204
208
204
184
204
209
206
202
207
202
208
195
187
195
185
215
216
215
217
213
219
215
185
216
217
216
219
216
137
138
141
139
135
102
100
293
254
258
257
291
280
24
38
50
38
26
38
286
245
226
172
174
172
166
163
188
118
2
152
154
153
151
150
17
42
22
43
22
42
29
42
31
41
31
165
244
18
25
36
26
281
230
241
223
109
177
195
208
194
197
194
54
68
55
66
55
47
10
102
190
166
119
202
63
65
63
180
264
299
269
259
218
276
272
174
201
174
75
83
81
237
231
55
58
134
260
132
130
206
108
223
125
160
124
215
74
89
227
73
230
131
224
66
19
243
73
248
246
128
247
128
59
139
283
84
200
171
173
202
80
213
78
206
245
116
113
116
123
121
56
0
8
151
137
59
13
47
14
12
14
185
248
184
78
208
211
208
255
136
137
248
72
237
78
218
65
29
32
38
32
272
237
217
247
94

Thread: [0, 0, 0]
198
113
189
204
202
201
202
205
206
205
207
205
185
206
207
206
180
206
216
180
196
170
167
165
119
117
116
219
226
293
292
74
62
69
244
243
242
62
116
221
93
98
96
98
222
298
262
257
2
3
249
250
85
82
83
133
139
123
246
122
286
193
199
172
201
172
251
36
53
55
162
51
35
19
23
24
42
25
42
27
74
296
156
155
156
169
117
220
243
107
103
277
273
276
181
110
108
109
263
264
248
62
103
281
280
68
281
196
112
111
177
175
177
207
289
290
217
105
47
18
11
255
253
85
131
125
124
158
82
87
14
86
213
91
98
223
14
85
164
273
146
83
82
202
174
202
92
77
148
27
230
43
281
74
278
72
265
88
57

Thread: [255, 255, 255]
93
251
184
179
204
207
205
206
205
177
205
207
204
176
172
194
171
195
171
169
168
162
163
162
160
161
163
203
173
203
175
205
175
204
211
213
212
213
211
194
213
217
223
221
223
242
243
222
98
123
125
128
131
60
43
21
41
21
42
21
40
23
39
23
40
56
42
52
34
52
42
14
277
295
43
24
138
136
112
111
110
159
156
157
202
206
187
181
187
179
184
186
195
169
118
12
11
147
13
27
258
253
213
92
91
212
232
73
86
74
265
142
206
119
131
248
263
26
134
103
106
145
255
292
294
22
39
22
161
160
0
279
238
178
188
179
188
273
275
273
299
153
16
47
17
47
83
278
204
122
123
198
117
118
56
66
62
67
38
21
16
68
225
124
0
115
256
136
25
298
100
213
99
98
213
256
170
189
168
195
71
244
222
197
77
148
297
185
8
11
15
6
271
168
31
40
44
40
33
40
176
290
174
235
75
231
54
58
230
229
273
237
82
247
200
77
201
4
67
60
133
257
112
178
175
178
74
192
271
180
62
63
15
55
51
49
43
49
192
72
242
217
215
258
260
89
287
23
298
98
97
213
263
195
197
49
189
114
244
203
75
239
70
231
235
80
217
251
102
5
185
79
198
276
275
79
232
228
230

Thread: [0, 0, 0]
58
165
192
204
176
177
176
204
177
172
174
203
174
204
174
172
168
174
216
213
214
185
196
182
186
182
184
194
176
194
177
110
60
73
272
250
258
1
279
277
153
108
182
197
170
197
190
188
190
286
134
297
299
76
299
205
202
209
210
208
94
201
173
201
89
209
16
23
45
23
19
40
41
44
23
20
40
46
44
31
44
30
45
30
44
48
16
14
12
251
3
135
71
62
65
267
71
278
191
112
95
235
43
44
277
151
130
128
271
72
274
273
199
31
45
255
268
130
269
126
124
123
146
76
3
255
189
287
288
75
293
294
225
248
170
200
91
206
286
73
264
72
62
67
293
222
97
183
107
263
262
106
197
199
26
42
31
43
290
189
112
176
66
68
66
101
82
153
275
146
23
93
225
36
38
36
282
172
120
121
228
38
35
38
133
298
281
167
118
30
154

Thread: [255, 255, 255]
71
248
287
277
263
266
267
287
6
291
37
18
44
29
46
29
47
29
45
29
44
28
46
28
47
34
17
34
47
20
46
20
45
28
45
20
36
20
280
5
47
294
253
256
255
256
258
151
132
112
113
176
203
200
199
200
203
198
203
177
203
176
202
175
171
175
203
209
203
193
185
193
186
191
192
191
193
184
193
181
193
178
191
179
193
177
193
198
172
199
172
198
173
171
199
173
199
171
198
193
176
193
175
202
209
211
204
173
205
193
200
273
251
173
200
193
174
191
174
214
193
206
92
200
117
168
112
153
109
143
122
121
164
32
43
32
41
40
30
40
298
279
13
116
188
124
122
118
166
25
63
62
66
30
65
22
37
164
73
226
225
222
112
257
120
171
211
206
193
223
93
94
248
128
147
126
157
2
104
12
67
55
11
120
199
26
165
186
241
128
248
226
128
211
126
214
266
273
177
246
290
294
100
101
252
18
203
297
183
37
30
22
289
141
264
74
209
202
269
271
270
273
261
204
131
96
213
51
55
221
88
240
74
226
65
30
34
37
34
169
172
267
1
115
285
30
64
68
16
209
146
144
294
45
41
174
171
176
174
291
33
29
26
29
33
180
78
198
75
233
78
265
74
227
38
35
43
46
43
35
159
1
67
226
144
266
208
202
77
233
258
211
111
164
162
287
253
237
194
191
50
134
137
249
246
249
94
245
248
171
272
271
272
31
28
31
181
44
43
36
43
44
175
192
174
259
258
26
140
59
56
54
60
136
17
296
30
7
153
154
3
102
251
228
227
59
67
229
207
93
242
163
295
0
3
152
15
11
8
13
40
41
47
21

Thread: [0, 0, 0]
41
231
234
236
235
124
143
193
204
196
204
189
188
189
177
201
176
172
177
190
177
171
197
173
172
173
197
189
205
209
205
189
209
211
132
127
201
177
92
220
224
296
277
289
293
298
264
256
248
252
268
129
128
31
42
30
41
48
28
48
44
35
44
38
18
46
19
24
7
10
285
39
74
54
26
47
27
47
26
199
174
198
174
163
121
120
170
249
66
62
105
103
284
191
179
191
176
201
93
203
142
91
167
85
86
216
214
215
88
189
298
239
60
240
116
115
210
110
196
285
136
148
77
4
76
291
75
291
74
282
277
73
273
271
208
181
209
93
141
203
83
86
228
118
32
29
28
29
30
251
253
287
132
36
45
231
86
66
174
113
84
228
93
102
185
278
70
263
64
69
62
244
116
264
265
75
298
166
165
162
280
120
236
221
8
255
38
151
153
36
39
36
273
35
199
293
74
299
236
100
187
291
137
173
216
102
48
231
106
190
287
286
70
66
242
63
257
258
257
95
93
90
85
14
17

Thread: [255, 255, 255]
47
130
144
143
142
202
199
191
200
194
201
194
203
194
173
174
196
174
197
174
173
175
186
184
176
187
176
188
176
198
177
198
175
198
204
194
204
177
187
177
188
177
200
175
170
188
170
206
209
198
208
192
208
182
208
152
20
42
24
43
26
48
27
48
26
49
27
49
26
43
29
43
28
44
32
49
19
48
34
48
19
49
34
49
36
48
40
31
284
10
284
281
269
299
286
254
256
257
247
293
277
278
22
12
149
141
202
176
204
129
132
21
46
21
118
99
135
138
173
215
218
215
213
218
225
223
235
234
236
235
125
124
225
236
233
215
173
266
74
290
101
113
173
40
48
129
119
56
27
135
258
133
237
192
115
119
167
41
191
173
235
100
7
121
122
120
259
273
295
196
111
212
281
19
66
60
239
215
86
88
231
230
207
108
183
251
248
170
7
48
43
67
52
216
278
137
26
36
29
36
161
287
299
17
46
23
66
200
177
204
73
76
73
240
239
212
73
227
274
260
133
261
98
247
103
252
248
92
219
40
194
214
102
128
206
117
12
61
66
49
46
82
279
236
126
236
125
60
139
289
257
148
77
213
72
166
187
165
188
275
184
5
174
6
27
32
25
55
15
53
45
53
56
222
225
235
222
256
212
209
110
113
223
268
219
39
163
294
291
168
71
227
80
83
75
197
57
299
77
175
200
172
222
55
120
3
151
16
67
61
135
67
288
20
15
186
79
200
64
205
271
227
247
93
95
252
237
68
64
19
248
138
24
47
24
18
24
46
40
28
37
28
6
118
202
156
241
156
218
236
107
105
106
105
104
13
8

Thread: [0, 0, 0]
13
208
197
176
197
177
197
202
196
202
194
206
182
187
182
206
178
166
168
165
177
198
177
199
177
165
182
164
189
109
113
99
107
233
231
238
220
211
227
228
117
213
90
145
133
131
136
93
176
198
176
199
176
200
172
114
173
214
94
219
113
203
178
202
178
82
84
82
76
59
35
17
49
24
48
24
44
27
44
26
44
51
43
28
41
39
46
48
17
23
18
1
9
5
278
293
71
260
271
247
253
250
252
261
108
179
70
61
106
105
262
72
142
242
177
68
288
193
280
264
63
65
253
88
111
183
186
111
195
188
111
90
215
87
133
125
159
156
158
295
164
210
109
238
239
61
72
283
284
285
195
187
194
6
135
4
252
47
19
20
98
232
230
293
70
287
73
282
41
30
153
152
205
269
72
273
275
152
39
289
156
127
269
89
233
120
119
139
91
202
95
258
255
256
297
76
298
0
74
73
275
72
277
44
49
52
50
58
164
278
69
61
125
201
175

Thread: [255, 255, 255]
118
203
195
201
179
176
179
201
178
201
205
195
176
168
173
169
179
175
179
173
179
168
181
168
167
169
166
164
188
175
189
177
194
205
194
177
196
177
197
176
200
176
205
176
201
191
203
191
201
212
216
212
211
212
200
174
200
125
134
132
139
123
111
115
109
182
167
182
33
17
50
27
50
26
46
25
46
27
46
26
47
27
47
32
47
26
56
43
52
45
52
65
54
38
54
66
57
27
17
51
50
16
50
22
50
51
39
51
48
18
278
6
281
5
289
273
264
263
298
11
161
132
100
299
160
127
110
155
152
156
129
92
249
255
258
254
237
223
225
210
165
189
206
188
206
186
273
260
92
202
152
203
152
204
118
121
142
145
141
291
1
124
104
192
173
198
171
114
171
39
288
253
292
101
297
9
298
264
266
144
299
98
229
231
237
234
237
222
114
189
298
183
112
202
261
27
30
27
286
282
220
215
235
194
263
274
270
208
32
274
240
159
234
128
235
99
252
207
246
133
262
263
296
107
231
229
130
132
135
119
199
74
86
222
280
83
273
183
292
63
156
285
142
239
237
218
216
110
210
88
239
139
255
217
152
22
49
51
45
15
48
22
48
50
48
29
49
29
166
41
168
6
102
9
99
196
76
265
148
295
145
264
26
35
26
129
28
7
26
123
36
49
22
18
43
19
161
270
176
74
255
213
173
255
287
160
34
30
104
131
14
118
116
49
40
46
86
235
159
270
232
81
234
79
243
212
71
225
67
57
66
225
65
61
19
18

Thread: [0, 0, 0]
201
88
106
98
193
180
199
198
199
204
191
205
188
205
187
205
181
176
170
174
170
168
172
169
178
173
169
177
169
192
169
165
166
160
159
161
162
133
134
131
130
131
123
122
169
193
152
202
118
172
197
192
112
109
111
184
285
2
19
46
20
46
24
47
31
47
36
21
50
25
50
15
257
253
292
293
261
274
34
23
145
144
140
139
36
47
64
60
171
115
133
94
208
226
92
214
277
187
281
33
199
175
199
201
199
30
27
58
57
281
7
208
206
181
155
153
106
77
274
155
80
278
197
168
94
223
219
237
42
37
47
232
110
208
165
271
71
264
263
259
298
241
242
36
256
204
95
82
105
43
277
71
283
41
199
28
241
116
198
175
106
288
74
289
287
164
92
21
104
189
267
249
252
66
70
298
296
243
220
182
112
194
99
25
144
150
128
268
90
83
224
101
225
83
149
79
286
187
112
67
62
168
81
198
263
87
191
99
16
17

Thread: [255, 255, 255]
16
188
203
189
169
171
168
171
174
176
177
176
170
191
204
191
170
192
170
193
205
198
179
199
179
198
205
182
185
183
206
183
168
176
199
176
167
173
167
181
112
110
98
193
170
198
176
178
174
177
199
177
174
208
223
226
222
226
211
228
174
143
105
128
132
133
127
116
117
116
197
255
273
277
286
285
6
40
21
39
21
38
23
48
37
48
23
37
23
49
23
36
50
24
51
24
50
36
13
46
17
299
262
261
293
253
131
149
79
275
266
291
45
46
18
47
19
47
18
46
45
18
42
18
36
21
1
56
123
200
160
164
203
188
182
188
165
287
267
30
199
117
115
169
195
168
81
84
74
193
202
198
262
174
241
222
243
178
182
180
182
179
182
219
177
182
250
247
251
138
255
204
241
286
142
297
271
269
180
77
198
210
231
233
231
74
82
178
31
210
113
187
91
289
89
92
224
101
3
299
44
65
44
276
7
208
166
208
111
153
192
99
143
192
202
119
172
73
205
118
15
52
39
53
15
63
42
19
43
48
38
162
219
283
282
284
236
225
136
59
25
59
144
216
266
156
110
125
233
274
194
73
167
34
164
208
271
85
231
78
244
243
240
73
165
41
189
175
1
157
60
56
118
17
67
17
20
17
281
150
129
10
55
67
224
83
20
166
262
27
282
26
287
24
30
294
158
160
233
74
252
98
0
2
154
240
243
223
112
114
268
274
80
219
271
84
210
251
247
227
69
192
105
136
256
259
260
167
215
14
51
14
188
174
189
204
90
227
76
181
273
228
89
230
73
231
76
232
82
74
241
73
75
73

Thread: [0, 0, 0]
211
91
